4440929755001
4645800926001
5425645903001
5589004011001
5602970130001
5807038999001
5811159424001
5824690311001
5824807072001
5970805139001
5970805260001
5970805281001
5970807784001
5970809121001
5970809881001
5970810431001
5970811818001
5970815209001
5970815257001
5970815412001
5970815451001
5970815692001
5970815771001
5970816402001
5970816439001
5970816509001
5970816540001
5970816809001
5970816861001
5970816868001
5970816886001
5970819133001
5970819146001
5970819839001
5970819875001
5970820355001
5970820368001
5970820383001
5970820409001
5970820417001
5970820547001
5970820556001
5970822598001
5970822604001
5970822879001
5970825398001
6005143828001
6116981815001
6116981999001
6116987135001
6142069633001
6142069656001
6142071094001
6142071109001
6234285175001
6240936650001
6249827797001
6263801250001
6282247750001
6284850016001
6301463553001
6308787804112
6308788440112
6309971494112
6311622469112
6327816245112
6327816525112
6327816801112
6327817118112
6327817808112
6327817908112
6327818381112
6327818771112
6335267807112
6338316166112